096aefba1269497a7092bf7b6cfb76e8ebf1a67931360bd8cd3644e2fc2ca22c 0 0 0 0
78daae7e55f6f2064e4306567e9617e8016708ee6e87891ab85faaf03b84bcb8 0 0 0 0
0397cb776e7078b946ddb8b28e21e7c79c01c21c774418d398a3d8f7e4c4ea07 0 0 0 0
9aff3c93de59e992905de75a221a2554c7e7ef93c99e0cdd5da1419f3b1cc6f6 0 0 0 0
6abc7baaed4e98eb2b06276f2f47e8f103f382865af174b0644c6e3b85bc583d 0 0 0 0
23b8809baafb7e0814bb93025773533863d889917dbb7780f9dacc04ead2a174 0 0 0 0
bf3a87628f4dadc80d2f86be7437934103826131d1587e61d9a1e39183d91471 0 0 0 0
caefe55103988366c42fc8c2ecfd774915deb04c8fc9678cf550589397cc0efe 3 3 3807668 1
da971d26d2aff1e84b4c6621e764232d9e2507d36a09a07e3f0dd2ece305162b 12 12 8096 3840
9930da21a33b396a168d477f389ce055d34bb743e1179dc0f4fa76469bd27115 1 1 325 0
7f08dc2c98f593fc3696dc69660775f86f5ec1435d11ce0b4af56ce2df3db585 2 2 235 0
12ca361d6ae1938b09ca3c42319953bdf063a9cd39a52bc143bc195861dd03cf 2 2 245 0
67e7c9433817404797c01782b6bce980428ebdac284423f2dc902d09d23e0dae 3 3 19 0
85caf3496207e7cbc4a09c6899d7d5217580f1706bcfeca1ebabbb9c134c7868 3 3 4144 0
9e4be7e797ca6cf47bbd90498998f30e1ff137602abcfda822fdf2a5c8787827 4500 4 2296 33
4053d30bd672a145f2da63cfab0fc6ab5475524601d25ebf3671682ecd301878 4 4 4297 0
0ed80a5a9131cb5ea4079a1c3114c138c7ef35a7d8ad6cec2a7d072036cdd5ff 4 4 4132 158
387762ad8a747bc5f12c9c5afefbeab131d84b156bc2d78665b3bd7cd019acae 4 4 6903 290
89a446fa846006293d33d52f797c47347b69c6132ef55302e607fcb79cebb2ca 2 2 1461 0
8ed691cdfacfd6ef8e92d3ade36ed5815ec9fbbebdc0f5cf04c2c81bfc623fa3 72 72 9002 218
24fb42269917e1f311f1d1c2af90ef98774366b89235577e0e190428872d11af 4 4 8312 2897
afe2a6a3b9eb1ad620068730c09a4955c852aa477c11cae31ed93f64ff52f227 3 3 3898 354
ec34d5e6b586afe39ef721e67dcde5d19e815fba5b0effb54cd9509ab0f9aca4 3 3 15542 1
8472aedcb9f1177a35c1541f95a12cab6d780ffccfc44af554f6497aca8c218d 47 47 7545 0
6e6426ab488c6ffd16a081665a6a4b99fe43a6e9263f23be880635cec4f0a526 2 2 326 0
6affd6e7566460c1a3afe5c84ac3c3eb86e90e84ec90f3310f565a95c52a6805 3 3 4404 66
22c97918c352006a5b891f8cc258b262f1c92af8e71f62cbc1d92c4418ff10ec 2 2 9158 0
7e54074487f27412058fbcd952dfc660da02587ab6bd623f253151cbe5401743 18 18 20303 8150
dc2a71c30439091876417124274718b5d030548dc178856b174e72c3d2da342c 2 2 2146 0
43682fb99c379bfaee2eff38271822c2041ae9138e260b251fb22c13fce11886 1297 0 0 0
1fc9f323fb2256db0f4324e264cbd01fcd7a79cd4abda4de1ae200005f86c85e 7 0 0 0
0aebab98ca2e731d6900e69cef6148e61fdb67c3365fff1698ce5f6931304279 320 320 806211 30934
d1b0a5851a824255c0008a4f08ab5348270e8bd102b8cbcfea61d8689ed7df99 23 21 1300 96
7518f78b48d01cdae06272fd1584b398041cc9151a3e588bf48db7e572ef70f8 32 30 1341 212
dde1aeadbdda7a6bef232f19ab9ba52d7cc19309c7f7ba73673fe002e834abec 61 61 27010 149
9b80350f8c7e5e847efeb30b54c675270aa9b4d82df3de9a052bcba85a313e7b 88580 0 0 0
2428aec57d5b9586f0951809b49ee229d0171381f92f60ae6caa0acaea2f447f 19776 0 0 0
92985bb2fe2b0ebbdb3d18032f40e756bf68d804688eb53864edc7ee73f5e1f4 1012 0 0 0
a573957d850995eb14edfcb61ad5e676153ed1214c499ef5258e27535956ecbc 44 31 16372 814
1c360268f1d8d312cb7947b8d46155909731e187bee1a6797a8e08f3f3a45b0d 18 18 8008 42
a0c321ef3340e3630f20a59a9d05d8a5760aa2b0031131d22e16cb25f1d85b97 1 1 3354 0
41e8e56fe54739b5b9ed763b9ecd7e8ac70178b2661f6227441d3d50b33b3bfb 15 15 13345 445
8cd58db76748b9727a8011e341e1aa81bdc3479b3742463fd632577360ea1e87 10783 0 0 0
e55c4be87d6f7c6bd031b9d22a26cb385ef89036bb7b861c3b0a79e3e7417d2c 10787 0 0 0
78d714432de6112f90fad0c5744b3b51f55a94bc15dfaf60e48fc437a1fca155 20996 2 212 126
eeff2c6217ecf70c1922a7634bd247e97a4a86869cbc20a30eac9f69fc2aa5cb 40 0 0 0
06f3f900a6feefb9e6ac4f6ec220f486bda8c5739d76d4162a81cd5ee29dcaec 3 3 6152 2
dcdec0b9280fff6bf798e2e9027812a5c2d2eb563a2c98b6e2c4bc3f442d7a46 97 3 4 4
dc121e3c008cf36faced7a82893fe4553b5c58b06d9ed178d6d000f749f19990 35 35 6049 223
3a4b8ba32f2ae40283dd8e4d57c49e8c17e17319041f1a9058683b469958277b 7 7 1440 534
